(0.8406045942922553, '              precision    recall  f1-score   support\n\n         0.0       0.94      0.88      0.91     70609\n         1.0       0.23      0.40      0.29      6269\n\n    accuracy                           0.84     76878\n   macro avg       0.58      0.64      0.60     76878\nweighted avg       0.88      0.84      0.86     76878\n', array([0.00000000e+00, 1.41625005e-05, 1.41625005e-05, ...,
       9.99150250e-01, 9.99150250e-01, 1.00000000e+00]), array([0.00000000e+00, 0.00000000e+00, 4.78545223e-04, ...,
       9.99840485e-01, 1.00000000e+00, 1.00000000e+00]), 0.7429189942855271, 0.28888115134633235)
(0.8668799916751216, '              precision    recall  f1-score   support\n\n         0.0       0.94      0.92      0.93     70609\n         1.0       0.25      0.31      0.27      6269\n\n    accuracy                           0.87     76878\n   macro avg       0.59      0.61      0.60     76878\nweighted avg       0.88      0.87      0.87     76878\n', array([0.00000000e+00, 0.00000000e+00, 1.41625005e-05, 1.41625005e-05,
       2.83250011e-05, 4.24875016e-05, 1.27462505e-04, 1.84112507e-04,
       2.83250011e-04, 3.68225014e-04, 4.67362518e-04, 6.65637525e-04,
       9.91375037e-04, 1.20381255e-03, 1.65701256e-03, 2.11021258e-03,
       2.63422510e-03, 3.29986262e-03, 3.86636264e-03, 4.81525018e-03,
       5.66500021e-03, 6.86881276e-03, 7.78937529e-03, 9.21978785e-03,
       1.11175629e-02, 1.32561005e-02, 1.54512881e-02, 1.79580507e-02,
       2.11446133e-02, 2.46144259e-02, 2.82258636e-02, 3.21488762e-02,
       3.71340764e-02, 4.22609016e-02, 4.76568143e-02, 5.37466895e-02,
       6.07004773e-02, 6.75692900e-02, 7.52878528e-02, 8.33604781e-02,
       9.24528035e-02, 1.01729241e-01, 1.12025379e-01, 1.22774717e-01,
       1.34685380e-01, 1.47290006e-01, 1.61268394e-01, 1.75884094e-01,
       1.91193757e-01, 2.08047133e-01, 2.25594471e-01, 2.43963234e-01,
       2.63323372e-01, 2.83788186e-01, 3.05768386e-01, 3.27961025e-01,
       3.52603776e-01, 3.77898002e-01, 4.03348015e-01, 4.29661941e-01,
       4.56400742e-01, 4.85122293e-01, 5.13220694e-01, 5.43103570e-01,
       5.73269696e-01, 6.03081760e-01, 6.33970174e-01, 6.65552550e-01,
       6.97163251e-01, 7.28547352e-01, 7.57934541e-01, 7.87463355e-01,
       8.17247093e-01, 8.45133057e-01, 8.71107083e-01, 8.94588509e-01,
       9.15832259e-01, 9.35617273e-01, 9.51266836e-01, 9.64253849e-01,
       9.74946537e-01, 9.83132462e-01, 9.89307312e-01, 9.93598550e-01,
       9.96459375e-01, 9.98470450e-01, 9.99362687e-01, 9.99872537e-01,
       1.00000000e+00]), array([0.00000000e+00, 1.59515074e-04, 1.59515074e-04, 3.19030148e-04,
       7.97575371e-04, 1.11660552e-03, 1.59515074e-03, 2.39272611e-03,
       3.03078641e-03, 4.14739193e-03, 4.94496730e-03, 6.22108789e-03,
       7.65672356e-03, 9.88993460e-03, 1.33992662e-02, 1.72276280e-02,
       2.02584144e-02, 2.60009571e-02, 3.15839847e-02, 3.78050726e-02,
       4.33881002e-02, 4.89711278e-02, 5.59897910e-02, 6.36465146e-02,
       7.28983889e-02, 8.19907481e-02, 9.47519541e-02, 1.04163343e-01,
       1.16605519e-01, 1.27771574e-01, 1.42765991e-01, 1.55367682e-01,
       1.71159675e-01, 1.88227788e-01, 2.09283777e-01, 2.28425586e-01,
       2.45972244e-01, 2.65752114e-01, 2.86010528e-01, 3.06428457e-01,
       3.26367842e-01, 3.47104801e-01, 3.69915457e-01, 3.93523688e-01,
       4.19524645e-01, 4.42494816e-01, 4.66262562e-01, 4.90987398e-01,
       5.14755144e-01, 5.39639496e-01, 5.64204817e-01, 5.89089169e-01,
       6.12537885e-01, 6.34231935e-01, 6.53692774e-01, 6.75705854e-01,
       7.00909236e-01, 7.24836497e-01, 7.45094911e-01, 7.62960600e-01,
       7.79709683e-01, 7.99170522e-01, 8.17674270e-01, 8.34423353e-01,
       8.51491466e-01, 8.65688308e-01, 8.81958845e-01, 8.97910353e-01,
       9.09554953e-01, 9.22156644e-01, 9.33003669e-01, 9.46243420e-01,
       9.54857234e-01, 9.63790078e-01, 9.70808741e-01, 9.76710799e-01,
       9.80698676e-01, 9.85165098e-01, 9.90429096e-01, 9.92662307e-01,
       9.95533578e-01, 9.97447759e-01, 9.98245334e-01, 9.98883394e-01,
       9.99202425e-01, 9.99680970e-01, 9.99840485e-01, 1.00000000e+00,
       1.00000000e+00]), 0.7324796228918972, 0.27294685990338163)
(0.6899763261271105, '              precision    recall  f1-score   support\n\n         0.0       0.94      0.71      0.81     70609\n         1.0       0.12      0.45      0.19      6269\n\n    accuracy                           0.69     76878\n   macro avg       0.53      0.58      0.50     76878\nweighted avg       0.87      0.69      0.76     76878\n', array([0.        , 0.28847597, 1.        ]), array([0.        , 0.44728027, 1.        ]), 0.5794021473337378, 0.1904761904761905)
(0.19746871666796742, '              precision    recall  f1-score   support\n\n         0.0       0.95      0.13      0.23     70609\n         1.0       0.09      0.92      0.16      6269\n\n    accuracy                           0.20     76878\n   macro avg       0.52      0.53      0.20     76878\nweighted avg       0.88      0.20      0.23     76878\n', array([0.        , 0.5401861 , 0.5401861 , ..., 0.9983005 , 0.99848461,
       1.        ]), array([0.        , 0.71765832, 0.71781783, ..., 0.99936194, 0.99936194,
       1.        ]), 0.5897865461309929, 0.15736352586077382)
(0.8276750175602904, '              precision    recall  f1-score   support\n\n         0.0       0.94      0.86      0.90     70609\n         1.0       0.22      0.43      0.29      6269\n\n    accuracy                           0.83     76878\n   macro avg       0.58      0.65      0.60     76878\nweighted avg       0.89      0.83      0.85     76878\n', array([0.00000000e+00, 1.41625005e-05, 2.83250011e-05, ...,
       9.96275262e-01, 9.96275262e-01, 1.00000000e+00]), array([0.        , 0.        , 0.        , ..., 0.99984048, 1.        ,
       1.        ]), 0.7444258434517405, 0.2910200149844803)
(0.8477717942714431, '              precision    recall  f1-score   support\n\n         0.0       0.94      0.89      0.91     70609\n         1.0       0.24      0.40      0.30      6269\n\n    accuracy                           0.85     76878\n   macro avg       0.59      0.64      0.61     76878\nweighted avg       0.89      0.85      0.86     76878\n', array([0.00000000e+00, 0.00000000e+00, 1.41625005e-05, ...,
       9.96827600e-01, 9.96827600e-01, 1.00000000e+00]), array([0.00000000e+00, 1.59515074e-04, 1.59515074e-04, ...,
       9.99840485e-01, 1.00000000e+00, 1.00000000e+00]), 0.7512857597462339, 0.29859154929577464)
